# B033/34
4082.03443
3887.07879
3722.45842
3579.97235
3452.36098
3336.31582
3228.94357
3129.41220
3035.04845
2946.77742
2863.11455
2784.83680
2709.40655
2636.87503
2568.96194
2503.73881
2441.47235
2382.23468
2325.64941
2271.82596
2220.66897
2170.82534
2123.91777
2078.65041
2035.00052
1993.86224
1953.67356
1915.79410
1878.59178
1843.45089
1809.22167
1776.28080
1745.16846
1713.95641
1684.70365
1656.26766
1628.87283
1602.41019
1576.78858
1551.53438
1527.76061
1504.55059
1481.84316
1460.26834
1438.95614
1418.22710
1398.60817
1378.96021
1359.89353
1341.34916
1324.27323
1306.58019
1289.69799
1273.20062
1257.25512
1241.94214
1226.44773
1211.79681
1197.58102
1183.25764
1169.33147
1155.95922
1143.40384
1130.33377
1117.68024
1105.68943
1093.74185
1082.00168
1070.57569
1059.54559
1048.65446
1037.81243
1027.24180
1017.19936
1006.95058
 997.39309
 987.76340
 978.25063
 969.17553
 959.83669
 950.81007
 942.43315
 933.77313
 925.25394
 917.05181
 909.22976
 901.02731
 893.15488
 885.54464
 877.78244
 870.64521
 863.15313
 855.97960
 849.06936
 842.29418
 835.41691
 828.97760
 822.14267
 815.28193
 809.23741
 802.97700
 796.70793
 790.83782
 784.61149
 778.53658
 773.04133
 767.26184
 761.57495
 756.02108
 750.88555
 745.52399
 739.98732
 734.62957
 729.43533
 724.55644
 719.41808
 714.57618
 709.90622
 704.67182
 700.17474
 695.36753
 690.99361
 686.37756
 681.70363
 677.17020
 672.71293
 668.63538
 664.34277
 660.39983
 656.24760
 651.83603
 647.71832
 643.53471
 640.14737
 635.75724
 632.08263
 628.13482
 624.40848
 620.51867
 616.90097
 613.25932
 609.52910
 606.31526
 602.52677
 599.07821
 595.82974
 592.62514
 588.90197
 585.49742
 582.30600
 579.21789
 575.81769
 572.77082
 569.53845
 566.32560
 563.29119
 560.37939
 557.26541
 554.32278
 551.08515
 548.39170
 545.32124
 542.40147
 539.77673
 536.88797
 534.31811
 531.29783
 528.55786
 525.94897
 523.11673
 520.45523
 517.85246
 515.25512
 512.67964
 510.37767
 507.47322
 504.90051
 502.68401
 500.03632
 497.78922
 495.26433
 493.01209
 490.45715
 488.19753
 485.90659
 483.67051
 481.36167
 478.95498
 476.73126
 474.52579
 472.40520
 470.17811
 467.91977
 465.94252
 463.92241
 461.63269
 459.46560
 457.49208
 455.44118
 453.27030
 451.12688
 449.35826
 447.29085
 445.30017
 443.19710
 441.10626
 439.34463
 437.45251
 435.67145
 433.69215
 431.78133
 430.12422
 428.14929
 426.24232
 424.33660
 422.58831
 420.86829
 419.21626
 417.44742
 415.41250
 413.81642
 411.91752
 410.26133
 408.72613
 406.95815
 405.19534
 403.50998
 402.13350
 400.46970
 398.81002
 397.16281
 395.61552
 393.84896
 392.34025
 390.75776
 389.09436
 387.68120
 385.85830
 384.60759
 383.12673
 381.57080
 380.10662
 378.62074
 377.05385
 375.59690
 374.14510
 372.83610
 371.36619
 369.78194
 368.57951
 367.15397
 365.65799
 364.39714
 362.75311
 361.31678
 360.09159
 358.71184
 357.30788
 356.15869
 354.64630
 353.32002
 352.17929
 350.81655
 349.35012
 348.10703
 346.84012
 345.56759
 344.40539
 343.14553
 341.91000
 340.60753
 339.49277
 338.18717
 336.98517
 335.68508
 334.49164
 333.30076
 332.19112
 330.97235
 329.68215
 328.51685
 327.36520
 326.29470
 325.08015
 323.91686
 322.83538
 321.50887
 320.57299
 319.48727
 318.30679
 317.23884
 316.11638
 314.86955
 313.75504
 312.82008
 311.84124
 310.68885
 309.52589
 308.66865
 307.48239
 306.44595
 305.49103
 304.53117
 303.37528
 302.46014
 301.28071
 300.36560
 299.30588
 298.29845
 297.41376
 296.28851
 295.32001
 294.25579
 293.36196
 292.34378
 291.28158
 290.34181
 289.55646
 288.45015
 287.58354
 286.58817
 285.61927
 284.85971
 283.87675
 282.83862
 281.90796
 281.11088
 280.21025
 279.16849
 278.36166
 277.48790
 276.51923
 275.59709
 274.76494
 273.92526
 272.99917
 272.23828
 271.21819
 270.32858
 269.47316
 268.64449
 267.76883
 266.93318
 266.14235
 265.32417
 264.33787
 263.67421
 262.87654
 261.90691
 261.15774
 260.26185
 259.60380
 258.77002
 257.71776
 257.12191
 256.26304
 255.43041
 254.75165
 253.85728
 253.09743
 252.17565
 251.42861
 250.70544
 249.89848
 249.16146
 248.26520
 247.60372
 246.79533
 245.98478
 245.25628
 244.57960
 243.83519
 242.97042
 242.26318
 241.65535
 240.76729
 240.12758
 239.36806
 238.65099
 237.95961
 237.26345
 236.54429
 235.83098
 235.11593
 234.38852
 233.71347
 232.88335
 232.21338
 231.58075
 230.83086
 230.17184
 229.45226
 228.82269
 228.14060
 227.51206
 226.76422
 225.96662
 225.38253
 224.68862
 224.05696
 223.11584
 222.73064
 222.05623
 221.41998
 220.75370
 220.07141
 219.60743
 218.75228
 218.16224
 217.53625
 216.84529
 216.07424
 215.62907
 214.88151
 214.21784
 213.66816
 212.98733
 212.44432
 211.78101
 211.24954
 210.46840
 209.83317
 209.42512
 208.67414
 208.00772
 207.56913
 206.80608
 206.26185
 205.62229
 205.03790
 204.45597
 203.84864
 203.19642
 202.66129
 202.05054
 201.48845
 200.93822
 200.29211
 199.86855
 199.08626
 198.50921
 198.08924
 197.47997
 196.82102
 196.32382
 195.77004
 195.13472
 194.57129
 194.03081
 193.46783
 192.90881
 192.36840
 191.79600
 191.21378
 190.64402
 190.16086
 189.50315
 189.12968
 188.57396
 188.08095
 187.32659
 186.89507
 186.23125
 185.80886
 185.40306
 184.69724
 184.20198
 183.66317
 183.05902
 182.49496
 182.09746
 181.52554
 181.01932
 180.57171
 180.08906
 179.47414
 179.02281
 178.45256
 177.87898
 177.47791
 176.91160
 176.39685
 175.82277
 175.39810
 174.91831
 174.36298
 173.83193
 173.28724
 172.93260
 172.38411
 171.87525
 171.39760
 170.91385
 170.40073
 169.82648
 169.49587
 168.94321
 168.36937
 167.93326
 167.47013
 167.06236
 166.62069
 166.00717
 165.52452
 165.05454
 164.59657
 164.19275
 163.75358
 163.14889
 162.62462
 162.20144
 161.77731
 161.16765
 160.85985
 160.41750
 159.86383
 159.42423
 158.98434
 158.55533
 158.06779
 157.56156
 157.09337
 156.76293
 156.16233
 155.76972
 155.38902
 154.91977
 154.46863
 153.91435
 153.55992
 153.19763
 152.60277
 152.27126
 151.73903
 151.33444
 150.93594
 150.36717
 149.98766
 149.62663
 149.12208
 148.66955
 148.15797
 147.83095
 147.43114
 146.99108
 146.61570
 146.08538
 145.67521
 145.22653
 144.90087
 144.28840
 143.94909
 143.46969
 143.16975
 142.78729
 142.40809
 141.85518
 141.46359
 141.11797
 140.62993
 140.23082
 139.74388
 139.35150
 138.86101
 138.65884
 138.15706
 137.78322
 137.31101
 136.89484
 136.47381
 136.08604
 135.69482
 135.32375
 134.97144
 134.40318
 134.12982
 133.61130
 133.27728
 132.94594
 132.55842
 132.09612
 131.71861
 131.28979
 130.91899
 130.41816
 130.09711
 129.65993
 129.28587
 128.94733
 128.58527
 128.16089
 127.82696
 127.29373
 127.01313
 126.59911
 126.32128
 125.72710
 125.50275
 125.06581
 124.62285
 124.30179
 123.92486
 123.54268
 123.11265
 122.77811
 122.38390
 122.04675
 121.76604
 121.29947
 120.92104
 120.53404
 120.07922
 119.72787
 119.44091
 119.13514
 118.61403
 118.23808
 117.90636
 117.61629
 117.27552
 116.82482
 116.40712
 116.03096
 115.67338
 115.29692
 115.00099
 114.53946
 114.33580
 113.88199
 113.53853
 113.20809
 112.67521
 112.48608
 112.06278
 111.76999
 111.34202
 110.98537
 110.60036
 110.27047
 109.83894
 109.60663
 109.19268
 108.84262
 108.44341
 108.03743
 107.82529
 107.37869
 107.05845
 106.68938
 106.38027
 105.98694
 105.68186
 105.33978
 104.95252
 104.57049
 104.26548
 103.91196
 103.62327
 103.19911
 102.87703
 102.54759
 102.08747
 101.78745
 101.42941
 101.11758
 100.76155
 100.50931
 100.19295
  99.77749
  99.38730
  98.96733
  98.76213
  98.35971
  97.98857
  97.82559
  97.42991
  97.07726
  96.73407
  96.39171
  96.04126
  95.73991
  95.34768
  95.03690
  94.70626
  94.34458
  94.10511
  93.66525
  93.43180
  92.91776
  92.64498
  92.35263
  92.10000
  91.66978
  91.34255
  91.06759
  90.70376
  90.37881
  89.94338
  89.67851
  89.34643
  88.93621
  88.73811
  88.38810
  88.03685
  87.68889
  87.33074
  87.01223
  86.75092
  86.44338
  86.11133
  85.76016
  85.48292
  85.05712
  84.76956
  84.47174
  84.20246
  83.86535
  83.41263
  83.11792
  82.84271
  82.47392
  82.16553
  81.80084
  81.59892
  81.22284
  80.86298
  80.60287
  80.25642
  79.95567
  79.64652
  79.23759
  78.95779
  78.69992
  78.31410
  77.97299
  77.62856
  77.43385
  77.02752
  76.70601
  76.39775
  76.04404
  75.76935
  75.52334
  75.17930
  74.86099
  74.48189
  74.15510
  73.89081
  73.51804
  73.25292
  72.92345
  72.54286
  72.26887
  71.98171
  71.65548
  71.37138
  71.05415
  70.70501
  70.41012
  70.10059
  69.83807
  69.44489
  69.08492
  68.87928
  68.53645
  68.22850
  67.96745
  67.58133
  67.25455
  66.91890
  66.67731
  66.26349
  66.03675
  65.69933
  65.35482
  65.10787
  64.76891
  64.46505
  64.19583
  63.82167
  63.51216
  63.20647
  62.95656
  62.61185
  62.29812
  61.99075
  61.64266
  61.35160
  61.07093
  60.80673
  60.38464
  60.15578
  59.77920
  59.45035
  59.19101
  58.88582
  58.53566
  58.24620
  57.96584
  57.60441
  57.37968
  56.95645
  56.64981
  56.38376
  56.08028
  55.74259
  55.41649
  55.13561
  54.79826
  54.55020
  54.20656
  53.89192
  53.61298
  53.32111
  52.93712
  52.75649
  52.39800
  52.05757
  51.72472
  51.42502
  51.11697
  50.77582
  50.48259
  50.21770
  49.84907
  49.53715
  49.28924
  48.97691
  48.61401
  48.36259
  47.97245
  47.65898
  47.38815
  47.07113
  46.80550
  46.49735
  46.16513
  45.82338
  45.51919
  45.28013
  44.83135
  44.61806
  44.30868
  44.00053
  43.68004
  43.34970
  43.09838
  42.70222
  42.43162
  42.15369
  41.85446
  41.50656
  41.17431
  40.88488
  40.62129
  40.34540
  39.99425
  39.67952
  39.41198
  39.03938
  38.79653
  38.45121
  38.12613
  37.82941
  37.50304
  37.24389
  36.91221
  36.58847
  36.28460
  35.97551
  35.71317
  35.33685
  35.02818
  34.74670
  34.46565
  34.13665
  33.86163
  33.51359
  33.22551
  32.92294
  32.59049
  32.24855
  31.99518
  31.69397
  31.34601
  31.04480
  30.73535
  30.41151
  30.11639
  29.80224
  29.51667
  29.11176
  28.88200
  28.58027
  28.25625
  27.89625
  27.57927
  27.35252
  27.03343
  26.72170
  26.40308
  26.06674
  25.82950
  25.48609
  25.22026
  24.85302
  24.55981
  24.24783
  23.91799
  23.61407
  23.35614
  23.00470
  22.70324
  22.42511
  22.08883
  21.80635
  21.50285
  21.19241
  20.85642
  20.54283
  20.25481
  19.88157
  19.62686
  19.34137
  19.06310
  18.70689
  18.43802
  18.10797
  17.79874
  17.50725
  17.20799
  16.89697
  16.59211
  16.28961
  15.96855
  15.68568
  15.38437
  15.06626
  14.81315
  14.48548
  14.18009
  13.89051
  13.57928
  13.27866
  12.98225
  12.71347
  12.39497
  12.09220
  11.80430
  11.48651
  11.22107
  10.91894
  10.65120
  10.35909
  10.06522
   9.76671
   9.46765
   9.19934
   8.89227
   8.60027
   8.31001
   8.02607
   7.75607
   7.47924
   7.19896
   6.92465
   6.66425
   6.37984
   6.10475
   5.84362
   5.56794
   5.30351
   5.05767
   4.79840
   4.55961
   4.31061
   4.06860
   3.83619
   3.58792
   3.36063
   3.14646
   2.93819
   2.71952
   2.52365
   2.31322
   2.10897
   1.91611
   1.74033
   1.56478
   1.40524
   1.24377
   1.09376
   0.95315
   0.83005
   0.72608
   0.63720
   0.56352
   0.50037
   0.45431
   0.43447
