# order     : 1
# steps     : 50
# skip_type : time_quadratic
# data_type : alpha_bar
0.99989998
0.99969620
0.99930996
0.99862993
0.99751961
0.99580753
0.99329579
0.98974973
0.98490953
0.97849500
0.97020745
0.95973396
0.94675821
0.93097502
0.91209573
0.88986635
0.86408037
0.83459920
0.80136335
0.76441383
0.72390133
0.68009883
0.63340271
0.58433783
0.53354198
0.48175344
0.42977899
0.37847048
0.32867709
0.28120837
0.23678841
0.19602349
0.15936618
0.12709631
0.09931426
0.07594710
0.05676719
0.04142054
0.02946457
0.02040645
0.01374107
0.00898346
0.00569389
0.00349358
0.00207191
0.00118584
0.00065396
0.00034693
0.00017675
0.00008633
0.00004036
