# order     : 3
# steps     : 50
# skip_type : time_uniform
# data_type : alpha_bar
0.99989998
0.99374515
0.97980201
0.95839578
0.93002242
0.89532876
0.85508835
0.81017190
0.76151741
0.71009684
0.65688455
0.60282701
0.54881662
0.49566856
0.44410270
0.39473221
0.34805411
0.30444932
0.26418370
0.22741456
0.19420029
0.16451307
0.13825083
0.11525249
0.09531191
0.07819104
0.06363231
0.05136989
0.04113851
0.03268097
0.02575416
0.02013283
0.01561221
0.01200952
0.00916406
0.00693662
0.00520841
0.00387935
0.00286620
0.00210062
0.00152714
0.00110129
0.00078780
0.00055900
0.00039346
0.00027471
0.00019025
0.00013069
0.00008906
0.00006020
0.00004036
