# order     : 3
# steps     : 100
# skip_type : logSNR
# data_type : alpha_bar
0.99989998
0.99982345
0.99978673
0.99974209
0.99968827
0.99962330
0.99954468
0.99944979
0.99933517
0.99919647
0.99902904
0.99882674
0.99858218
0.99828696
0.99793035
0.99749959
0.99697948
0.99635160
0.99559373
0.99467939
0.99357647
0.99224669
0.99064422
0.98871446
0.98639190
0.98359948
0.98024541
0.97622210
0.97140312
0.96564186
0.95876932
0.95059228
0.94089365
0.92943239
0.91594744
0.90016216
0.88179505
0.86057234
0.83624697
0.80862135
0.77757484
0.74309194
0.70528924
0.66443598
0.62096310
0.57545680
0.52863431
0.48130244
0.43430385
0.38845760
0.34450361
0.30305848
0.26458675
0.22939129
0.19761959
0.16928165
0.14427668
0.12242088
0.10347559
0.08717096
0.07322560
0.06136120
0.05131270
0.04283467
0.03570468
0.02972464
0.02472051
0.02054097
0.01705572
0.01415328
0.01173886
0.00973225
0.00806585
0.00668285
0.00553566
0.00458449
0.00379613
0.00314292
0.00260181
0.00215366
0.00178256
0.00147531
0.00122096
0.00101042
0.00083615
0.00069191
0.00057255
0.00047376
0.00039201
0.00032437
0.00026839
0.00022207
0.00018375
0.00015203
0.00012579
0.00010408
0.00008612
0.00007125
0.00005895
0.00004878
0.00004036
