# order     : 3
# steps     : 50
# skip_type : logSNR
# data_type : alpha_bar
0.99989998
0.99982339
0.99968827
0.99954468
0.99933517
0.99902904
0.99858218
0.99793035
0.99697948
0.99559373
0.99357647
0.99064422
0.98639190
0.98024529
0.97140300
0.95876914
0.94089359
0.91594744
0.88179517
0.83624703
0.77757484
0.70528924
0.62096310
0.52863431
0.43430385
0.34450361
0.26458675
0.19761959
0.14427668
0.10347559
0.07322560
0.05131273
0.03570468
0.02472049
0.01705571
0.01173886
0.00806585
0.00553566
0.00379613
0.00260181
0.00178256
0.00122096
0.00083615
0.00057255
0.00039201
0.00026839
0.00018375
0.00012579
0.00008612
0.00005895
0.00004036
