# order     : 2
# steps     : 50
# skip_type : logSNR
# data_type : alpha_bar
0.99989998
0.99985278
0.99978334
0.99968112
0.99953079
0.99930942
0.99898380
0.99850500
0.99780113
0.99676692
0.99524850
0.99302185
0.98976260
0.98500395
0.97808242
0.96806973
0.95369953
0.93330741
0.90483028
0.86594027
0.81441766
0.74883711
0.66948676
0.57915604
0.48319510
0.38845766
0.30145997
0.22672275
0.16610815
0.11920086
0.08420218
0.05879358
0.04071138
0.02802482
0.01921250
0.01313374
0.00896071
0.00610539
0.00415609
0.00282739
0.00192265
0.00130704
0.00088837
0.00060372
0.00041025
0.00027876
0.00018940
0.00012869
0.00008743
0.00005940
0.00004036
