# order     : 1
# steps     : 100
# skip_type : time_quadratic
# data_type : alpha_bar
0.99989998
0.99981529
0.99969620
0.99953145
0.99930996
0.99901235
0.99862993
0.99813807
0.99751961
0.99675131
0.99580753
0.99466693
0.99329579
0.99166685
0.98974973
0.98750734
0.98490953
0.98191702
0.97849500
0.97460449
0.97020745
0.96526349
0.95973396
0.95357776
0.94675821
0.93923765
0.93097502
0.92194039
0.91209573
0.90141374
0.88986635
0.87742943
0.86408037
0.84980732
0.83459920
0.81845039
0.80136335
0.78334761
0.76441401
0.74458891
0.72390139
0.70238960
0.68009895
0.65708250
0.63340271
0.60912889
0.58433783
0.55911332
0.53354198
0.50772280
0.48175344
0.45573676
0.42977899
0.40398845
0.37847036
0.35333231
0.32867697
0.30460387
0.28120822
0.25857562
0.23678829
0.21591711
0.19602349
0.17716001
0.15936618
0.14267248
0.12709631
0.11264504
0.09931426
0.08708974
0.07594710
0.06585336
0.05676719
0.04864064
0.04142054
0.03504879
0.02946457
0.02460498
0.02040645
0.01680579
0.01374107
0.01115256
0.00898346
0.00718040
0.00569389
0.00447862
0.00349358
0.00270215
0.00207191
0.00157460
0.00118584
0.00088481
0.00065396
0.00047868
0.00034693
0.00024891
0.00017675
0.00012419
0.00008633
0.00005936
0.00004036
