# order     : 1
# steps     : 100
# skip_type : time_uniform
# data_type : alpha_bar
0.99989998
0.99780953
0.99374515
0.98773104
0.97980201
0.97000456
0.95839578
0.94504291
0.93002242
0.91341996
0.89532876
0.87584955
0.85508835
0.83315718
0.81017196
0.78625154
0.76151741
0.73609179
0.71009684
0.68365443
0.65688461
0.62990409
0.60282707
0.57576317
0.54881668
0.52208734
0.49566865
0.46964699
0.44410276
0.41910926
0.39473221
0.37103009
0.34805411
0.32584825
0.30444932
0.28388688
0.26418364
0.24535610
0.22741453
0.21036287
0.19420020
0.17892064
0.16451302
0.15096261
0.13825075
0.12635562
0.11525249
0.10491432
0.09531191
0.08641478
0.07819104
0.07060788
0.06363231
0.05723079
0.05136989
0.04601666
0.04113853
0.03670358
0.03268099
0.02904078
0.02575418
0.02279360
0.02013281
0.01774685
0.01561221
0.01370668
0.01200952
0.01050132
0.00916405
0.00798096
0.00693661
0.00601678
0.00520841
0.00449956
0.00387935
0.00333788
0.00286620
0.00245621
0.00210062
0.00179288
0.00152714
0.00129816
0.00110129
0.00093239
0.00078780
0.00066428
0.00055900
0.00046946
0.00039346
0.00032910
0.00027471
0.00022884
0.00019025
0.00015784
0.00013069
0.00010799
0.00008906
0.00007329
0.00006020
0.00004934
0.00004036
