# order     : 2
# steps     : 100
# skip_type : logSNR
# data_type : alpha_bar
0.99989998
0.99987864
0.99985278
0.99982148
0.99978334
0.99973714
0.99968112
0.99961323
0.99953079
0.99943078
0.99930942
0.99916238
0.99898380
0.99876750
0.99850506
0.99818689
0.99780113
0.99733365
0.99676692
0.99608034
0.99524850
0.99424118
0.99302185
0.99154657
0.98976260
0.98760682
0.98500395
0.98186445
0.97808242
0.97353280
0.96806973
0.96152365
0.95369953
0.94437647
0.93330741
0.92022175
0.90483028
0.88683462
0.86594027
0.84187591
0.81441766
0.78341800
0.74883711
0.71077323
0.66948676
0.62541282
0.57915610
0.53146654
0.48319510
0.43523529
0.38845766
0.34364840
0.30145997
0.26238048
0.22672275
0.19463222
0.16610815
0.14103232
0.11920083
0.10035399
0.08420218
0.07044641
0.05879358
0.04896678
0.04071138
0.03379831
0.02802482
0.02321389
0.01921250
0.01588961
0.01313375
0.01085058
0.00896071
0.00739754
0.00610539
0.00503779
0.00415609
0.00342818
0.00282739
0.00233165
0.00192265
0.00158529
0.00130704
0.00107758
0.00088837
0.00073236
0.00060372
0.00049767
0.00041025
0.00033817
0.00027875
0.00022978
0.00018940
0.00015612
0.00012869
0.00010607
0.00008743
0.00007207
0.00005940
0.00004896
0.00004036
