# MSE sqrt
41.29534
38.61025
36.84793
35.48534
34.35327
33.36245
32.49331
31.71007
31.01126
30.36837
29.77184
29.20826
28.69912
28.21615
27.77633
27.34998
26.93950
26.56414
26.21571
25.86228
25.54151
25.22901
24.93415
24.65221
24.37994
24.10740
23.85624
23.61634
23.37352
23.14733
22.94327
22.71641
22.50002
22.29660
22.11174
21.91902
21.73880
21.56018
21.39164
21.22286
21.06020
20.90077
20.74939
20.59781
20.44625
20.29926
20.16472
20.01957
19.87877
19.75341
19.62218
19.48467
19.36666
19.23686
19.12529
19.00969
18.90914
18.78445
18.67076
18.55922
18.44660
18.34991
18.24163
18.13444
18.04318
17.94654
17.84408
17.76137
17.67196
17.56501
17.48092
17.39270
17.29846
17.22686
17.13419
17.04642
16.96551
16.88135
16.80820
16.72069
16.64909
16.57123
16.48674
16.40865
16.33617
16.27818
16.20582
16.11005
16.05131
15.99165
15.91315
15.84805
15.77468
15.72199
15.65638
15.58548
15.52102
15.44875
15.39397
15.33481
15.26777
15.20573
15.15114
15.08844
15.03073
14.97467
14.90184
14.86102
14.79795
14.74869
14.68427
14.64471
14.56917
14.53380
14.47721
14.42036
14.37167
14.31432
14.26792
14.21173
14.16429
14.10773
14.06710
14.01481
13.96561
13.91775
13.86902
13.83364
13.77166
13.73368
13.68426
13.63123
13.58688
13.54249
13.49939
13.45206
13.41411
13.37311
13.33596
13.28139
13.22729
13.19760
13.15836
13.10645
13.07187
13.02303
12.99122
12.94312
12.90284
12.86678
12.82058
12.77945
12.75515
12.69699
12.67060
12.62531
12.58923
12.55071
12.50416
12.45847
12.43902
12.39756
12.36525
12.33766
12.28054
12.25651
12.21699
12.17653
12.13644
12.11965
12.08027
12.04884
11.99506
11.96154
11.93417
11.90333
11.87956
11.83423
11.80557
11.75698
11.73346
11.70422
11.66451
11.63406
11.59112
11.56175
11.53108
11.50042
11.48008
11.43095
11.40837
11.37532
11.34504
11.30209
11.28647
11.24371
11.21740
11.18635
11.16094
11.12252
11.09898
11.08202
11.03577
11.01685
10.97312
10.95799
10.91409
10.89378
10.85569
10.82380
10.80584
10.77836
10.74437
10.71521
10.69300
10.66131
10.62052
10.60129
10.57082
10.56015
10.51495
10.48532
10.46025
10.43204
10.40574
10.39220
10.35691
10.32426
10.30156
10.27036
10.24305
10.21693
10.18833
10.17127
10.13895
10.11491
10.09245
10.06010
10.02922
10.01306
9.98940
9.95534
9.92686
9.90983
9.88227
9.85923
9.83768
9.80726
9.77750
9.74992
9.73442
9.70911
9.69204
9.66513
9.63026
9.60171
9.58169
9.54650
9.52756
9.51142
9.47616
9.44607
9.44097
9.41353
9.39180
9.36387
9.34048
9.31575
9.30372
9.27158
9.24695
9.21984
9.19725
9.17497
9.15482
9.13230
9.11138
9.08295
9.05769
9.01473
9.01559
8.99203
8.96160
8.93854
8.92923
8.91451
8.87200
8.85264
8.83384
8.81061
8.79053
8.76835
8.74070
8.72448
8.69841
8.66570
8.65754
8.62190
8.62102
8.59642
8.57864
8.54649
8.52735
8.50095
8.47585
8.45666
8.43363
8.42036
8.40428
8.36960
8.35768
8.31273
8.31266
8.29703
8.27371
8.24776
8.22107
8.19228
8.18139
8.16479
8.13761
8.12504
8.10123
8.07214
8.06320
8.03092
8.01512
7.99723
7.97578
7.95484
7.92750
7.91990
7.88387
7.86762
7.84571
7.82190
7.81275
7.79951
7.77779
7.74973
7.72852
7.71362
7.68922
7.67352
7.64327
7.63078
7.61441
7.58013
7.57027
7.53843
7.51931
7.50229
7.49182
7.46529
7.44641
7.42058
7.41125
7.38370
7.36841
7.35720
7.33140
7.31337
7.28815
7.26499
7.24431
7.22781
7.21881
7.19048
7.16291
7.14938
7.13290
7.11568
7.09652
7.07769
7.05866
7.04082
7.01837
6.99900
6.97524
6.96485
6.94198
6.92053
6.90186
6.88138
6.86344
6.85064
6.83296
6.81052
6.79363
6.77827
6.75393
6.72250
6.71489
6.68805
6.68021
6.66241
6.64694
6.61602
6.60303
6.58255
6.56518
6.53778
6.52859
6.51163
6.49302
6.47967
6.46278
6.43209
6.42699
6.40004
6.38299
6.36623
6.34415
6.32109
6.29347
6.28377
6.27120
6.24973
6.23446
6.20709
6.19843
6.17865
6.16025
6.13969
6.12814
6.11530
6.08281
6.06754
6.05727
6.03093
6.00827
5.99471
5.97309
5.95980
5.94900
5.92297
5.90790
5.88912
5.86796
5.85234
5.84426
5.81780
5.79802
5.78663
5.77253
5.75297
5.73760
5.71664
5.68027
5.67715
5.66341
5.64031
5.61905
5.60749
5.59489
5.56513
5.55712
5.53681
5.52217
5.50561
5.48334
5.45764
5.45646
5.43423
5.41604
5.40103
5.37332
5.35827
5.34437
5.33756
5.31333
5.28954
5.27769
5.25962
5.23973
5.22154
5.20955
5.18740
5.17332
5.16387
5.13756
5.12680
5.10275
5.08849
5.07124
5.04986
5.04518
5.02501
4.99990
4.99145
4.97068
4.95077
4.94029
4.91568
4.89673
4.89012
4.86341
4.85339
4.84068
4.82257
4.80537
4.78450
4.77353
4.74612
4.74162
4.72285
4.69203
4.68681
4.66716
4.65405
4.64266
4.62702
4.60412
4.59550
4.56940
4.55780
4.53802
4.52517
4.49566
4.48528
4.47631
4.45695
4.44819
4.42510
4.41987
4.39786
4.37421
4.36137
4.34704
4.32718
4.31520
4.30268
4.28526
4.27084
4.24828
4.23272
4.21536
4.19990
4.18385
4.16311
4.15663
4.12871
4.12159
4.10440
4.08697
4.07348
4.05924
4.04527
4.03276
4.00784
3.98846
3.97825
3.96082
3.94603
3.92875
3.92091
3.90328
3.89153
3.87245
3.86098
3.84692
3.82386
3.81386
3.79474
3.78523
3.77343
3.74722
3.74139
3.72306
3.70766
3.69081
3.67597
3.65422
3.64232
3.62972
3.61153
3.59518
3.57635
3.57418
3.54927
3.53885
3.52013
3.51364
3.49254
3.47372
3.46226
3.44806
3.43576
3.42341
3.40158
3.39220
3.37060
3.36180
3.34553
3.32910
3.32189
3.30318
3.28811
3.26934
3.25700
3.24188
3.22328
3.22022
3.20110
3.19117
3.16870
3.16209
3.14230
3.13440
3.12453
3.11041
3.08651
3.07860
3.05661
3.04640
3.03632
3.01931
3.00429
2.99070
2.97609
2.96704
2.94590
2.93738
2.92578
2.91576
2.89510
2.88531
2.87174
2.85216
2.84380
2.83003
2.81532
2.79750
2.78624
2.76944
2.76156
2.74275
2.73233
2.71672
2.70790
2.69778
2.67512
2.67063
2.65559
2.64020
2.63165
2.61210
2.59957
2.58666
2.57549
2.55882
2.55096
2.53829
2.52064
2.50995
2.49701
2.48859
2.47279
2.46224
2.44663
2.43906
2.42318
2.41129
2.39551
2.38344
2.37892
2.36079
2.34196
2.33802
2.32325
2.31098
2.29498
2.28495
2.27645
2.26624
2.25293
2.24096
2.22306
2.21723
2.20252
2.18996
2.17872
2.16666
2.15962
2.14364
2.13329
2.11921
2.11285
2.09692
2.07800
2.07272
2.06090
2.04875
2.03967
2.02457
2.01399
2.00304
1.99650
1.98198
1.96643
1.95649
1.95183
1.93711
1.92585
1.91170
1.89951
1.89072
1.87886
1.86750
1.85576
1.84815
1.84131
1.82723
1.81964
1.81050
1.79444
1.78408
1.77604
1.76250
1.75702
1.74126
1.73299
1.72073
1.71205
1.70008
1.69421
1.67884
1.67092
1.66198
1.65114
1.63813
1.62655
1.61976
1.60653
1.59685
1.59229
1.57825
1.56822
1.55721
1.55330
1.53528
1.53070
1.51965
1.51153
1.50163
1.49343
1.48461
1.47406
1.46299
1.45547
1.44037
1.43522
1.42485
1.41492
1.40546
1.39644
1.38965
1.37892
1.36885
1.36165
1.35291
1.34659
1.33592
1.33006
1.31913
1.31159
1.30114
1.29330
1.28385
1.27503
1.26878
1.25632
1.25078
1.24145
1.23355
1.22267
1.21355
1.20522
1.19735
1.19176
1.18175
1.17446
1.16572
1.15681
1.14972
1.14101
1.13598
1.12610
1.11589
1.10728
1.10526
1.09743
1.08594
1.07771
1.06985
1.06380
1.05681
1.04749
1.04152
1.03226
1.02685
1.01847
1.00954
1.00333
0.99416
0.98854
0.97942
0.97549
0.96742
0.96043
0.95465
0.94519
0.93998
0.92954
0.92626
0.91889
0.91093
0.90525
0.89955
0.89196
0.88480
0.87745
0.87084
0.86489
0.85799
0.85253
0.84457
0.83842
0.83179
0.82696
0.81924
0.81347
0.80771
0.80293
0.79519
0.78883
0.78398
0.77793
0.77216
0.76489
0.75833
0.75361
0.74602
0.74117
0.73679
0.73014
0.72494
0.71844
0.71372
0.70860
0.70190
0.69675
0.69122
0.68675
0.68162
0.67420
0.67068
0.66573
0.66002
0.65535
0.64918
0.64332
0.63930
0.63392
0.62849
0.62442
0.61931
0.61356
0.61082
0.60407
0.59881
0.59489
0.59026
0.58544
0.58125
0.57574
0.57118
0.56659
0.56362
0.55914
0.55316
0.54945
0.54479
0.53990
0.53631
0.53154
0.52817
0.52397
0.51967
0.51569
0.51097
0.50613
0.50245
0.49879
0.49415
0.49026
0.48648
0.48257
0.47864
0.47457
0.47062
0.46694
0.46287
0.45955
0.45626
0.45275
0.44889
0.44503
0.44205
0.43802
0.43441
0.43157
0.42773
0.42509
0.42164
0.41796
0.41493
0.41167
0.40836
0.40533
0.40157
0.39907
0.39552
0.39247
0.39005
0.38655
0.38356
0.38045
0.37793
0.37418
0.37097
0.36827
0.36550
0.36293
0.36017
0.35766
0.35473
0.35228
0.34908
0.34625
0.34395
0.34183
0.33959
0.33691
0.33437
0.33160
0.32877
0.32679
0.32404
0.32175
0.31859
0.31623
0.31389
0.31143
0.30914
0.30697
0.30442
0.30231
0.30018
0.29833
0.29677
0.29503
0.29343
0.29132
0.28910
0.28664
0.28406
0.28335
0.28087
0.27848
0.27637
0.27477
0.27256
0.27072
0.26933
0.26666
0.26542
0.26410
0.26256
0.26063
0.25921
0.25735
0.25536
0.25393
0.25158
0.25022
0.24854
0.24751
0.24629
0.24382
0.24300
0.24112
0.24000
0.23883
0.23721
0.23558
0.23431
0.23352
0.23225
0.23113
