# B199/200
   0.00192
   0.00149
   0.00136
   0.00131
   0.00124
   0.00116
   0.00109
   0.00101
   0.00094
   0.00091
   0.00088
   0.00080
   0.00075
   0.00073
   0.00067
   0.00068
   0.00063
   0.00064
   0.00057
   0.00054
   0.00049
   0.00051
   0.00051
   0.00045
   0.00041
   0.00039
   0.00033
   0.00035
   0.00037
   0.00036
   0.00035
   0.00033
   0.00033
   0.00031
   0.00032
   0.00032
   0.00031
   0.00037
   0.00029
   0.00032
   0.00029
   0.00029
   0.00027
   0.00026
   0.00022
   0.00029
   0.00030
   0.00026
   0.00031
   0.00030
   0.00031
   0.00033
   0.00029
   0.00032
   0.00034
   0.00035
   0.00030
   0.00030
   0.00027
   0.00027
   0.00028
   0.00029
   0.00035
   0.00028
   0.00030
   0.00032
   0.00035
   0.00033
   0.00037
   0.00033
   0.00035
   0.00035
   0.00028
   0.00032
   0.00030
   0.00035
   0.00034
   0.00029
   0.00032
   0.00034
   0.00032
   0.00036
   0.00037
   0.00034
   0.00033
   0.00041
   0.00033
   0.00035
   0.00034
   0.00028
   0.00034
   0.00033
   0.00033
   0.00032
   0.00037
   0.00031
   0.00039
   0.00035
   0.00037
   0.00036
   0.00035
   0.00034
   0.00033
   0.00033
   0.00035
   0.00036
   0.00033
   0.00034
   0.00033
   0.00037
   0.00036
   0.00035
   0.00037
   0.00035
   0.00038
   0.00036
   0.00035
   0.00031
   0.00032
   0.00035
   0.00034
   0.00034
   0.00036
   0.00034
   0.00035
   0.00037
   0.00035
   0.00032
   0.00029
   0.00030
   0.00026
   0.00031
   0.00036
   0.00031
   0.00034
   0.00037
   0.00039
   0.00031
   0.00032
   0.00032
   0.00032
   0.00035
   0.00036
   0.00034
   0.00034
   0.00033
   0.00035
   0.00033
   0.00033
   0.00036
   0.00035
   0.00035
   0.00033
   0.00042
   0.00035
   0.00040
   0.00036
   0.00038
   0.00035
   0.00033
   0.00035
   0.00035
   0.00035
   0.00036
   0.00038
   0.00039
   0.00034
   0.00033
   0.00032
   0.00034
   0.00036
   0.00034
   0.00038
   0.00036
   0.00037
   0.00035
   0.00033
   0.00035
   0.00035
   0.00035
   0.00030
   0.00032
   0.00028
   0.00031
   0.00033
   0.00035
   0.00039
   0.00032
   0.00037
   0.00033
   0.00036
   0.00032
   0.00031
   0.00032
   0.00030
   0.00037
   0.00035
   0.00030
   0.00033
   0.00037
   0.00035
   0.00034
   0.00031
   0.00030
   0.00034
   0.00030
   0.00037
   0.00033
   0.00035
   0.00036
   0.00033
   0.00035
   0.00035
   0.00032
   0.00033
   0.00033
   0.00032
   0.00033
   0.00036
   0.00032
   0.00034
   0.00034
   0.00032
   0.00031
   0.00033
   0.00032
   0.00033
   0.00028
   0.00036
   0.00027
   0.00033
   0.00030
   0.00032
   0.00030
   0.00033
   0.00027
   0.00027
   0.00027
   0.00036
   0.00026
   0.00031
   0.00033
   0.00031
   0.00037
   0.00031
   0.00032
   0.00037
   0.00027
   0.00030
   0.00032
   0.00033
   0.00031
   0.00036
   0.00035
   0.00029
   0.00035
   0.00039
   0.00034
   0.00038
   0.00037
   0.00031
   0.00033
   0.00035
   0.00029
   0.00032
   0.00036
   0.00035
   0.00031
   0.00034
   0.00036
   0.00033
   0.00036
   0.00036
   0.00034
   0.00036
   0.00032
   0.00037
   0.00030
   0.00036
   0.00030
   0.00031
   0.00037
   0.00034
   0.00034
   0.00037
   0.00038
   0.00035
   0.00038
   0.00033
   0.00038
   0.00038
   0.00039
   0.00034
   0.00035
   0.00035
   0.00033
   0.00036
   0.00037
   0.00039
   0.00038
   0.00039
   0.00034
   0.00038
   0.00040
   0.00037
   0.00036
   0.00033
   0.00035
   0.00035
   0.00037
   0.00036
   0.00042
   0.00041
   0.00033
   0.00039
   0.00037
   0.00035
   0.00035
   0.00040
   0.00042
   0.00038
   0.00037
   0.00036
   0.00037
   0.00040
   0.00037
   0.00038
   0.00033
   0.00035
   0.00039
   0.00038
   0.00039
   0.00038
   0.00039
   0.00037
   0.00033
   0.00039
   0.00040
   0.00036
   0.00032
   0.00039
   0.00038
   0.00040
   0.00035
   0.00036
   0.00040
   0.00035
   0.00039
   0.00035
   0.00038
   0.00033
   0.00034
   0.00037
   0.00035
   0.00041
   0.00037
   0.00037
   0.00035
   0.00035
   0.00036
   0.00038
   0.00035
   0.00041
   0.00038
   0.00039
   0.00037
   0.00037
   0.00040
   0.00039
   0.00034
   0.00039
   0.00036
   0.00036
   0.00037
   0.00032
   0.00039
   0.00039
   0.00040
   0.00036
   0.00036
   0.00034
   0.00039
   0.00036
   0.00037
   0.00037
   0.00036
   0.00041
   0.00036
   0.00036
   0.00030
   0.00037
   0.00038
   0.00038
   0.00037
   0.00035
   0.00034
   0.00034
   0.00034
   0.00041
   0.00039
   0.00038
   0.00040
   0.00042
   0.00040
   0.00043
   0.00038
   0.00036
   0.00040
   0.00038
   0.00040
   0.00036
   0.00035
   0.00038
   0.00040
   0.00034
   0.00037
   0.00038
   0.00040
   0.00038
   0.00033
   0.00042
   0.00037
   0.00041
   0.00038
   0.00038
   0.00043
   0.00039
   0.00038
   0.00038
   0.00035
   0.00040
   0.00036
   0.00039
   0.00038
   0.00043
   0.00043
   0.00038
   0.00038
   0.00040
   0.00040
   0.00041
   0.00039
   0.00040
   0.00038
   0.00038
   0.00037
   0.00042
   0.00040
   0.00036
   0.00033
   0.00036
   0.00035
   0.00032
   0.00036
   0.00042
   0.00041
   0.00043
   0.00037
   0.00038
   0.00038
   0.00040
   0.00038
   0.00039
   0.00039
   0.00036
   0.00036
   0.00034
   0.00041
   0.00034
   0.00032
   0.00036
   0.00034
   0.00038
   0.00039
   0.00037
   0.00037
   0.00033
   0.00037
   0.00039
   0.00037
   0.00035
   0.00035
   0.00040
   0.00039
   0.00037
   0.00039
   0.00037
   0.00036
   0.00037
   0.00037
   0.00034
   0.00037
   0.00034
   0.00035
   0.00041
   0.00038
   0.00036
   0.00037
   0.00041
   0.00037
   0.00034
   0.00039
   0.00036
   0.00043
   0.00043
   0.00038
   0.00039
   0.00033
   0.00037
   0.00037
   0.00038
   0.00037
   0.00034
   0.00037
   0.00033
   0.00041
   0.00037
   0.00040
   0.00040
   0.00038
   0.00042
   0.00041
   0.00042
   0.00036
   0.00036
   0.00038
   0.00037
   0.00041
   0.00041
   0.00040
   0.00036
   0.00042
   0.00040
   0.00035
   0.00036
   0.00041
   0.00036
   0.00039
   0.00040
   0.00039
   0.00040
   0.00039
   0.00040
   0.00043
   0.00037
   0.00037
   0.00036
   0.00033
   0.00041
   0.00037
   0.00039
   0.00037
   0.00036
   0.00039
   0.00039
   0.00041
   0.00044
   0.00040
   0.00039
   0.00040
   0.00040
   0.00037
   0.00039
   0.00036
   0.00040
   0.00039
   0.00040
   0.00038
   0.00036
   0.00036
   0.00036
   0.00038
   0.00038
   0.00037
   0.00041
   0.00041
   0.00039
   0.00038
   0.00039
   0.00033
   0.00038
   0.00039
   0.00040
   0.00039
   0.00042
   0.00041
   0.00037
   0.00036
   0.00039
   0.00038
   0.00038
   0.00037
   0.00036
   0.00037
   0.00036
   0.00038
   0.00037
   0.00037
   0.00036
   0.00038
   0.00038
   0.00038
   0.00038
   0.00039
   0.00043
   0.00038
   0.00038
   0.00038
   0.00037
   0.00036
   0.00040
   0.00040
   0.00035
   0.00038
   0.00036
   0.00037
   0.00035
   0.00038
   0.00038
   0.00036
   0.00041
   0.00045
   0.00038
   0.00038
   0.00037
   0.00040
   0.00037
   0.00040
   0.00035
   0.00042
   0.00037
   0.00040
   0.00038
   0.00038
   0.00037
   0.00035
   0.00041
   0.00040
   0.00039
   0.00037
   0.00040
   0.00035
   0.00036
   0.00039
   0.00039
   0.00034
   0.00039
   0.00036
   0.00038
   0.00038
   0.00038
   0.00039
   0.00039
   0.00038
   0.00041
   0.00035
   0.00037
   0.00036
   0.00039
   0.00040
   0.00038
   0.00039
   0.00039
   0.00043
   0.00040
   0.00045
   0.00039
   0.00036
   0.00041
   0.00039
   0.00040
   0.00037
   0.00041
   0.00041
   0.00035
   0.00040
   0.00035
   0.00039
   0.00040
   0.00039
   0.00037
   0.00035
   0.00041
   0.00039
   0.00040
   0.00038
   0.00040
   0.00044
   0.00042
   0.00037
   0.00042
   0.00040
   0.00039
   0.00039
   0.00043
   0.00038
   0.00039
   0.00044
   0.00042
   0.00045
   0.00042
   0.00039
   0.00040
   0.00042
   0.00043
   0.00049
   0.00047
   0.00043
   0.00042
   0.00042
   0.00038
   0.00044
   0.00039
   0.00041
   0.00040
   0.00042
   0.00034
   0.00035
   0.00038
   0.00041
   0.00040
   0.00040
   0.00041
   0.00046
   0.00041
   0.00043
   0.00043
   0.00042
   0.00045
   0.00042
   0.00040
   0.00047
   0.00042
   0.00045
   0.00043
   0.00040
   0.00041
   0.00041
   0.00041
   0.00045
   0.00042
   0.00044
   0.00049
   0.00045
   0.00041
   0.00044
   0.00044
   0.00044
   0.00045
   0.00042
   0.00046
   0.00048
   0.00043
   0.00046
   0.00042
   0.00044
   0.00044
   0.00044
   0.00042
   0.00053
   0.00043
   0.00044
   0.00046
   0.00044
   0.00044
   0.00048
   0.00041
   0.00050
   0.00042
   0.00039
   0.00043
   0.00043
   0.00047
   0.00047
   0.00047
   0.00043
   0.00044
   0.00045
   0.00045
   0.00047
   0.00045
   0.00048
   0.00045
   0.00042
   0.00045
   0.00043
   0.00045
   0.00049
   0.00048
   0.00045
   0.00048
   0.00047
   0.00043
   0.00045
   0.00045
   0.00042
   0.00043
   0.00045
   0.00042
   0.00044
   0.00046
   0.00045
   0.00045
   0.00046
   0.00044
   0.00047
   0.00047
   0.00046
   0.00050
   0.00047
   0.00046
   0.00049
   0.00051
   0.00048
   0.00043
   0.00046
   0.00042
   0.00044
   0.00047
   0.00043
   0.00044
   0.00043
   0.00048
   0.00046
   0.00048
   0.00046
   0.00047
   0.00045
   0.00049
   0.00043
   0.00048
   0.00045
   0.00050
   0.00044
   0.00050
   0.00048
   0.00050
   0.00044
   0.00046
   0.00049
   0.00045
   0.00046
   0.00043
   0.00046
   0.00046
   0.00047
   0.00048
   0.00052
   0.00048
   0.00045
   0.00045
   0.00045
   0.00049
   0.00051
   0.00048
   0.00046
   0.00053
   0.00050
   0.00051
   0.00051
   0.00048
   0.00049
   0.00047
   0.00047
   0.00047
   0.00046
   0.00047
   0.00047
   0.00052
   0.00047
   0.00045
   0.00050
   0.00045
   0.00049
   0.00054
   0.00046
   0.00053
   0.00049
   0.00046
   0.00051
   0.00048
   0.00047
   0.00050
   0.00052
   0.00050
   0.00050
   0.00052
   0.00049
   0.00048
   0.00051
   0.00047
   0.00046
   0.00048
   0.00055
   0.00048
   0.00049
   0.00047
   0.00048
   0.00052
   0.00050
   0.00047
   0.00049
   0.00044
   0.00048
   0.00048
   0.00051
   0.00045
   0.00048
   0.00048
   0.00051
   0.00050
   0.00050
   0.00051
   0.00049
   0.00048
   0.00046
   0.00046
   0.00049
   0.00050
   0.00050
   0.00051
   0.00051
   0.00051
   0.00045
   0.00051
   0.00049
   0.00053
   0.00048
   0.00045
   0.00048
   0.00046
   0.00049
   0.00044
   0.00044
   0.00043
   0.00047
   0.00047
   0.00046
   0.00047
   0.00047
   0.00049
   0.00051
   0.00050
   0.00050
   0.00048
   0.00046
   0.00048
   0.00046
   0.00046
   0.00050
   0.00051
   0.00049
   0.00050
   0.00050
   0.00050
   0.00047
   0.00052
   0.00052
   0.00053
   0.00056
   0.00056
   0.00055
   0.00055
   0.00060
   0.00053
   0.00051
   0.00053
   0.00050
   0.00051
   0.00051
   0.00050
   0.00051
   0.00047
   0.00049
   0.00049
   0.00048
   0.00052
   0.00047
   0.00047
   0.00050
   0.00050
   0.00049
   0.00051
   0.00049
   0.00051
   0.00049
   0.00048
   0.00050
   0.00048
   0.00049
   0.00050
   0.00051
   0.00054
   0.00053
   0.00050
   0.00050
   0.00050
   0.00050
   0.00051
   0.00054
