# B199/200
161408.42719
129692.31230
109137.11660
94339.34172
82983.96637
73880.10998
66466.74971
60362.30057
55198.62314
50801.24752
47027.48174
43753.33338
40871.01797
38328.38290
36040.28448
34041.67881
32210.97072
30555.54615
29060.65653
27702.74200
26434.83216
25289.21027
24227.51336
23240.98340
22330.67944
21481.93477
20688.30921
19964.83558
19275.95671
18629.35625
18019.84849
17455.05555
16926.50731
16424.26417
15949.06425
15493.19087
15066.46264
14665.86125
14277.19669
13918.56409
13574.68836
13245.01091
12932.56793
12628.46401
12350.98700
12078.70436
11814.99604
11564.11526
11328.51081
11099.51948
10879.89096
10668.88095
10460.71440
10267.36253
10073.87812
9893.93474
9716.49201
9550.85300
9387.91619
9231.25655
9078.76899
8927.13721
8783.92510
8647.39422
8512.26873
8382.11589
8253.22726
8129.26773
8011.51529
7896.38188
7786.15114
7675.77524
7570.65073
7465.50452
7363.75947
7268.76957
7170.56426
7078.36367
6985.59165
6898.15682
6811.06412
6729.06951
6645.30619
6563.30375
6485.39656
6410.08194
6333.38830
6260.55882
6188.07044
6118.95486
6048.00984
5980.35847
5913.79966
5850.46565
5786.90830
5724.86304
5662.37449
5603.65479
5546.08617
5490.16418
5431.61696
5377.36788
5321.83540
5269.98527
5216.74537
5166.94545
5115.84006
5066.90724
5018.33805
4972.12377
4923.09843
4876.83724
4832.15087
4786.54532
4743.37528
4700.36736
4656.54515
4615.83942
4574.55185
4534.14096
4493.74255
4453.43991
4416.12741
4376.98830
4339.69898
4304.55199
4267.50057
4230.69245
4196.55705
4161.23000
4126.24826
4093.38642
4060.03351
4026.16596
3993.87532
3960.49701
3930.39183
3898.46204
3868.02037
3837.93829
3806.72434
3777.96398
3747.91905
3720.18816
3691.44329
3663.66712
3635.12382
3608.16692
3581.02772
3554.73289
3528.00777
3502.20335
3476.56361
3449.89720
3425.80216
3399.91626
3375.44349
3351.45012
3329.21011
3303.43857
3280.69385
3257.15527
3234.34572
3212.42471
3189.16365
3166.16605
3145.40338
3122.72622
3101.87874
3080.66754
3059.46839
3038.48300
3017.83743
2998.00913
2977.87051
2957.38278
2937.68802
2917.27792
2899.43443
2880.40189
2860.49302
2842.20878
2823.75304
2804.93281
2787.29535
2767.30042
2752.26526
2733.40306
2715.23363
2698.28802
2680.79670
2665.40501
2647.95098
2630.68331
2614.54745
2597.26501
2582.19087
2565.89634
2549.82106
2533.65808
2517.87522
2503.10336
2487.62908
2471.52070
2455.63422
2441.67461
2426.21797
2411.09945
2397.81073
2382.40507
2368.23493
2354.63189
2339.57389
2325.71529
2311.63860
2298.30746
2285.14927
2270.99603
2258.46265
2244.66176
2231.36927
2218.48823
2206.15002
2191.43869
2178.49921
2166.62950
2153.52085
2141.77312
2129.25608
2116.42736
2104.38902
2092.92935
2080.16969
2068.59221
2056.80044
2044.80186
2033.06337
2020.99824
2009.27299
1997.17922
1986.82801
1976.16950
1964.95726
1952.92569
1942.29795
1931.60630
1920.21775
1910.06995
1899.59939
1888.47057
1878.70830
1867.81270
1857.40558
1845.99889
1836.06607
1826.43238
1815.73765
1806.38044
1796.38523
1786.22365
1776.54643
1766.21957
1756.78757
1746.98129
1737.84578
1728.00183
1719.46290
1709.05065
1700.24037
1690.86399
1681.61838
1672.81247
1662.79906
1653.45441
1645.18375
1636.23613
1627.56587
1618.90233
1609.71706
1601.30129
1592.90504
1584.31015
1575.38544
1566.25105
1558.64054
1549.97271
1541.55840
1533.56688
1525.53865
1517.90412
1509.39448
1500.85780
1493.03513
1485.25271
1476.50676
1469.78232
1461.03837
1453.51991
1446.23088
1438.10166
1430.43505
1423.24691
1415.48843
1407.04587
1399.45764
1392.96783
1385.02832
1377.76167
1370.60383
1363.13928
1355.84425
1349.49382
1341.91156
1334.98195
1327.32096
1321.12036
1313.45464
1306.94439
1299.91510
1292.62491
1286.38369
1279.07252
1272.51202
1266.65093
1258.97533
1252.17969
1246.26700
1239.52521
1233.03352
1226.26115
1219.82489
1213.18734
1206.36431
1200.66042
1193.99403
1187.65297
1181.54505
1175.52262
1170.03968
1162.55610
1157.34368
1151.22975
1144.67401
1139.10579
1132.20379
1126.71592
1120.88959
1114.36180
1108.19979
1103.15212
1097.17429
1091.36546
1085.56376
1080.32928
1073.90592
1068.69995
1062.85524
1057.25827
1051.30667
1046.09599
1040.59768
1034.61461
1029.51947
1023.81865
1019.10687
1013.14105
1007.95133
1001.76233
 996.87972
 991.81056
 986.94037
 981.42830
 976.06560
 971.45073
 965.16127
 960.68040
 955.28832
 950.31386
 945.34622
 940.63112
 935.09763
 930.30383
 925.35170
 921.06472
 915.37035
 911.10021
 905.94876
 901.09780
 896.38204
 890.98379
 886.97278
 881.42159
 877.56309
 871.92264
 866.98737
 862.98631
 858.33084
 853.38798
 848.97809
 843.98269
 839.78073
 835.45214
 830.83615
 826.00800
 822.17304
 817.58915
 812.73974
 807.99948
 803.73946
 799.44255
 795.37894
 790.41759
 786.95777
 782.50592
 777.81085
 773.88161
 769.55555
 765.76708
 761.44555
 756.77005
 752.90983
 748.57259
 744.00799
 740.71317
 736.27757
 732.75999
 728.45527
 724.24781
 720.21912
 716.57232
 712.09969
 708.64734
 704.47780
 700.45878
 696.49459
 692.81448
 688.46199
 685.16871
 680.99534
 677.28350
 673.71367
 669.51347
 666.10943
 662.04301
 658.42585
 654.84771
 651.35865
 647.99305
 643.79307
 640.15361
 636.83055
 632.73759
 629.52744
 626.04142
 622.57719
 618.61445
 614.72773
 611.63364
 608.41533
 604.87704
 601.87830
 597.72973
 594.65079
 590.85971
 587.64233
 583.96320
 580.50471
 577.08280
 573.71607
 570.93300
 568.05320
 564.61701
 561.14463
 558.02132
 554.20188
 550.89060
 547.92356
 545.05696
 541.11576
 538.49915
 534.76999
 531.95462
 529.04464
 525.81769
 522.69026
 519.44347
 516.39989
 513.37523
 510.12740
 507.54580
 504.63967
 501.29901
 498.26855
 495.12814
 492.57095
 489.64730
 486.45948
 483.47887
 480.43090
 477.54905
 474.63985
 471.91868
 468.89569
 466.33303
 463.44657
 460.27328
 457.54880
 454.76542
 451.89162
 449.18818
 446.32898
 443.75267
 441.19375
 438.19790
 435.60221
 433.02444
 430.13105
 427.58872
 424.76171
 421.82906
 419.57039
 417.31221
 414.28738
 411.70979
 409.06051
 407.06371
 404.22622
 401.27394
 399.04772
 396.22456
 394.02314
 391.54686
 388.72252
 386.12240
 383.81986
 381.25085
 379.17284
 376.46833
 373.97512
 371.81931
 369.29465
 367.12545
 364.36437
 362.07821
 359.85321
 357.66899
 355.36536
 352.65071
 350.75649
 348.18574
 346.13011
 344.03825
 341.21071
 339.22555
 336.59604
 334.88267
 332.37384
 330.45430
 327.86823
 326.01539
 323.49724
 321.63293
 319.35593
 317.40668
 314.98156
 312.92855
 310.50122
 308.61081
 306.52386
 304.64312
 302.57556
 300.67596
 298.18785
 296.19688
 294.19811
 292.31482
 290.11255
 288.33392
 286.28264
 284.23055
 282.43305
 280.22361
 277.99990
 276.24113
 274.52515
 272.38769
 270.48757
 268.40290
 266.79513
 265.04701
 263.01827
 261.15806
 259.17336
 257.27285
 255.67250
 253.58167
 251.88751
 250.06039
 248.35050
 246.45803
 244.56241
 243.15852
 241.35776
 239.67877
 237.95271
 236.01956
 234.40703
 232.70829
 230.88224
 228.88026
 227.50664
 225.84113
 224.06597
 222.56684
 220.70035
 219.19715
 217.68700
 215.76582
 214.29552
 212.68802
 210.89365
 209.26140
 207.75868
 206.18023
 204.53035
 203.15813
 201.47335
 199.88313
 198.44363
 197.23289
 195.58840
 193.90733
 192.54330
 191.06969
 189.64915
 187.83931
 186.64516
 185.20576
 183.64236
 182.24671
 180.89475
 179.29685
 177.87431
 176.42585
 175.18869
 173.82367
 172.55253
 171.11274
 169.66428
 168.28510
 166.92037
 165.54763
 164.22087
 162.97040
 161.42050
 160.27442
 158.92676
 157.71334
 156.32842
 154.93476
 153.61023
 152.42078
 151.40405
 150.09647
 148.61874
 147.51119
 146.39697
 144.98117
 143.72633
 142.67277
 141.38492
 140.10636
 139.06543
 137.73639
 136.74935
 135.51973
 134.41524
 133.31005
 131.89310
 130.71205
 129.79901
 128.57762
 127.31865
 126.19847
 125.15823
 124.20322
 123.05503
 122.13266
 121.00249
 119.79590
 118.82059
 117.64332
 116.67142
 115.63924
 114.78221
 113.50914
 112.50146
 111.57097
 110.46757
 109.57913
 108.65562
 107.47121
 106.53071
 105.54049
 104.47388
 103.82646
 102.64667
 101.78980
 100.76816
  99.81509
  98.95176
  98.02036
  96.97341
  96.10193
  95.23655
  94.48002
  93.45297
  92.64568
  91.78497
  90.89671
  89.90255
  89.23192
  88.24193
  87.41542
  86.63027
  85.87843
  84.77708
  84.07525
  83.31747
  82.43925
  81.61117
  80.81145
  80.09498
  79.11548
  78.40263
  77.67071
  77.08121
  76.11896
  75.39607
  74.64081
  73.90960
  73.21470
  72.38283
  71.63941
  70.96325
  70.14789
  69.51753
  68.84466
  68.26823
  67.31611
  66.61243
  66.00966
  65.23358
  64.63568
  64.05757
  63.39752
  62.64446
  62.08585
  61.27640
  60.71797
  59.99752
  59.23380
  58.69518
  58.21720
  57.57007
  56.87803
  56.42212
  55.81176
  55.12351
  54.43146
  54.06790
  53.33875
  52.83864
  52.28804
  51.66142
  51.05379
  50.50622
  49.95520
  49.46843
  48.89371
  48.35528
  47.82167
  47.28826
  46.74296
  46.29606
  45.63899
  45.18447
  44.72482
  44.20920
  43.67285
  43.17325
  42.65967
  42.23349
  41.70468
  41.29333
  40.78614
  40.31027
  39.86037
  39.32906
  38.93623
  38.47597
  38.06580
  37.58883
  37.20093
  36.74700
  36.37807
  35.89369
  35.42091
  35.06645
  34.64687
  34.21862
  33.76449
  33.37270
  33.02303
  32.47767
  32.30345
  31.80834
  31.46249
  31.10028
  30.70676
  30.27068
  29.94771
  29.62190
  29.22739
  28.87384
  28.45213
  28.18298
  27.80325
  27.47797
  27.08182
  26.80108
  26.52585
  26.16505
  25.80421
  25.47837
  25.21921
  24.90751
  24.57228
  24.20425
  23.92939
  23.69159
  23.31495
  23.02033
  22.78070
  22.48479
  22.16485
  21.89669
  21.62326
  21.30793
  21.05645
  20.79325
  20.54093
  20.22999
  20.00771
  19.71556
  19.42345
  19.18886
  18.96812
  18.74152
  18.50801
  18.23085
  18.03096
  17.74220
  17.49589
  17.32689
  17.07893
  16.86887
  16.64105
  16.43180
  16.18380
  15.94317
  15.77368
  15.56228
  15.33878
  15.12593
  14.94490
  14.69970
  14.49136
  14.32237
  14.10900
  13.90866
  13.78211
  13.57125
  13.39731
  13.21760
  13.04793
  12.82011
  12.62856
  12.46381
  12.33473
  12.14566
  11.94420
  11.82490
  11.63894
  11.45663
  11.30586
  11.16388
  11.00832
  10.84756
  10.74155
  10.55794
  10.37281
  10.21537
  10.08323
   9.95835
   9.82883
   9.68212
   9.52573
   9.38743
   9.29937
   9.15527
   9.03870
   8.89857
   8.75216
   8.63828
   8.50663
   8.39371
   8.29360
   8.18254
   8.03359
   7.92622
   7.81427
   7.70096
   7.59238
   7.49318
   7.38111
   7.28431
   7.16399
   7.07400
   6.95551
   6.88029
   6.73962
   6.63960
   6.56699
   6.47620
   6.38225
   6.26738
   6.18167
   6.10177
   5.99585
   5.92064
   5.85144
   5.77716
   5.68150
   5.59845
   5.53129
   5.44664
   5.34476
   5.27187
   5.21161
   5.14071
   5.03972
   4.99603
   4.92223
   4.85020
   4.77391
   4.72889
   4.63913
   4.59194
   4.50862
   4.45727
   4.38048
   4.33200
   4.27763
   4.21312
   4.13589
   4.08254
   4.02054
   3.96335
   3.91091
   3.85339
   3.80451
   3.73645
   3.69045
   3.64089
   3.58517
   3.54766
   3.47102
   3.45300
   3.39116
   3.35125
   3.30257
   3.26516
   3.21749
   3.17507
   3.12969
   3.07277
   3.04237
   2.99026
   2.95971
   2.90639
   2.89174
   2.86002
   2.82513
   2.75930
   2.73404
   2.70907
   2.67274
   2.65047
   2.63593
