# B199/200
2521.99515
2026.43524
1705.26146
1474.04669
1296.61951
1154.37230
1038.53900
 943.15760
 862.47552
 793.76662
 734.80173
 683.64356
 638.60767
 598.87901
 563.12773
 531.89947
 503.29492
 477.42887
 454.07148
 432.85420
 413.04322
 395.14280
 378.55380
 363.13940
 348.91607
 335.65448
 323.25426
 311.94987
 301.18612
 291.08299
 281.55952
 272.73462
 264.47608
 256.62851
 249.20354
 242.08050
 235.41281
 229.15335
 223.08061
 217.47693
 212.10393
 206.95269
 202.07089
 197.31922
 192.98372
 188.72923
 184.60873
 180.68882
 177.00740
 173.42939
 169.99773
 166.70058
 163.44812
 160.42695
 157.40372
 154.59201
 151.81966
 149.23151
 146.68570
 144.23784
 141.85525
 139.48595
 137.24823
 135.11505
 133.00355
 130.96995
 128.95599
 127.01919
 125.17920
 123.38033
 121.65793
 119.93331
 118.29088
 116.64795
 115.05817
 113.57388
 112.03935
 110.59887
 109.14928
 107.78306
 106.42224
 105.14103
 103.83223
 102.55095
 101.33368
 100.15670
  98.95850
  97.82055
  96.68797
  95.60810
  94.49949
  93.44248
  92.40247
  91.41288
  90.41974
  89.45042
  88.47378
  87.55641
  86.65691
  85.78308
  84.86838
  84.02070
  83.15308
  82.34289
  81.51096
  80.73275
  79.93434
  79.16975
  78.41088
  77.68871
  76.92269
  76.19993
  75.50157
  74.78908
  74.11452
  73.44254
  72.75783
  72.12186
  71.47679
  70.84529
  70.21410
  69.58436
  69.00130
  68.38977
  67.80711
  67.25788
  66.67901
  66.10394
  65.57066
  65.01860
  64.47211
  63.95859
  63.43735
  62.90822
  62.40364
  61.88209
  61.41163
  60.91289
  60.43724
  59.96719
  59.47947
  59.03000
  58.56050
  58.12730
  57.67813
  57.24412
  56.79819
  56.37703
  55.95293
  55.54206
  55.12441
  54.72124
  54.32073
  53.90376
  53.52752
  53.12291
  52.74057
  52.36567
  52.01824
  51.61563
  51.26014
  50.89240
  50.53596
  50.19344
  49.82990
  49.47059
  49.14619
  48.79194
  48.46630
  48.13480
  47.80343
  47.47564
  47.15293
  46.84320
  46.52848
  46.20842
  45.90068
  45.58177
  45.30296
  45.00559
  44.69460
  44.40889
  44.12058
  43.82647
  43.55088
  43.23837
  43.00334
  42.70879
  42.42480
  42.16006
  41.88676
  41.64630
  41.37361
  41.10384
  40.85171
  40.58155
  40.34605
  40.09153
  39.84029
  39.58767
  39.34114
  39.11033
  38.86858
  38.61691
  38.36863
  38.15057
  37.90896
  37.67275
  37.46507
  37.22434
  37.00299
  36.79044
  36.55517
  36.33871
  36.11869
  35.91042
  35.70488
  35.48362
  35.28781
  35.07222
  34.86449
  34.66322
  34.47048
  34.24063
  34.03841
  33.85296
  33.64816
  33.46469
  33.26890
  33.06864
  32.88042
  32.70143
  32.50197
  32.32114
  32.13690
  31.94953
  31.76604
  31.57757
  31.39420
  31.20535
  31.04358
  30.87704
  30.70179
  30.51372
  30.34778
  30.18077
  30.00269
  29.84431
  29.68067
  29.50669
  29.35419
  29.18398
  29.02125
  28.84305
  28.68794
  28.53726
  28.37014
  28.22406
  28.06778
  27.90900
  27.75789
  27.59660
  27.44909
  27.29598
  27.15325
  26.99930
  26.86594
  26.70335
  26.56557
  26.41905
  26.27471
  26.13699
  25.98053
  25.83461
  25.70531
  25.56557
  25.43006
  25.29481
  25.15111
  25.01971
  24.88856
  24.75413
  24.61473
  24.47201
  24.35302
  24.21758
  24.08617
  23.96129
  23.83588
  23.71650
  23.58356
  23.45008
  23.32803
  23.20639
  23.06977
  22.96472
  22.82802
  22.71054
  22.59659
  22.46960
  22.34977
  22.23749
  22.11627
  21.98432
  21.86581
  21.76447
  21.64046
  21.52688
  21.41503
  21.29832
  21.18440
  21.08495
  20.96649
  20.85839
  20.73865
  20.64179
  20.52202
  20.42032
  20.31039
  20.19642
  20.09897
  19.98476
  19.88230
  19.79072
  19.67071
  19.56458
  19.47220
  19.36696
  19.26550
  19.15957
  19.05901
  18.95526
  18.84863
  18.75954
  18.65546
  18.55646
  18.46083
  18.36680
  18.28117
  18.16431
  18.08268
  17.98717
  17.88480
  17.79785
  17.68999
  17.60411
  17.51327
  17.41116
  17.31496
  17.23595
  17.14270
  17.05191
  16.96123
  16.87947
  16.77900
  16.69775
  16.60640
  16.51900
  16.42597
  16.34458
  16.25860
  16.16510
  16.08535
  15.99649
  15.92276
  15.82960
  15.74850
  15.65174
  15.57552
  15.49645
  15.42012
  15.33408
  15.25034
  15.17821
  15.08003
  15.00982
  14.92560
  14.84781
  14.77036
  14.69666
  14.61025
  14.53522
  14.45792
  14.39090
  14.30193
  14.23527
  14.15458
  14.07892
  14.00529
  13.92100
  13.85819
  13.77151
  13.71116
  13.62309
  13.54599
  13.48354
  13.41078
  13.33350
  13.26445
  13.18647
  13.12078
  13.05315
  12.98092
  12.90558
  12.84559
  12.77410
  12.69844
  12.62418
  12.55764
  12.49048
  12.42713
  12.34958
  12.29555
  12.22588
  12.15259
  12.09113
  12.02359
  11.96439
  11.89679
  11.82395
  11.76336
  11.69570
  11.62435
  11.57289
  11.50357
  11.44848
  11.38136
  11.31562
  11.25268
  11.19577
  11.12582
  11.07190
  11.00667
  10.94387
  10.88188
  10.82438
  10.75649
  10.70504
  10.63964
  10.58173
  10.52592
  10.46042
  10.40716
  10.34366
  10.28713
  10.23131
  10.17667
  10.12410
  10.05859
  10.00169
   9.94978
   9.88585
   9.83572
   9.78127
   9.72691
   9.66502
   9.60423
   9.55606
   9.50577
   9.45049
   9.40357
   9.33876
   9.29066
   9.23139
   9.18119
   9.12375
   9.06969
   9.01609
   8.96368
   8.92016
   8.87510
   8.82149
   8.76717
   8.71824
   8.65872
   8.60693
   8.56070
   8.51580
   8.45419
   8.41330
   8.35506
   8.31111
   8.26553
   8.21515
   8.16628
   8.11552
   8.06796
   8.02081
   7.96997
   7.92967
   7.88430
   7.83205
   7.78479
   7.73568
   7.69562
   7.64996
   7.60023
   7.55364
   7.50593
   7.46099
   7.41557
   7.37299
   7.32579
   7.28557
   7.24043
   7.19101
   7.14842
   7.10506
   7.06010
   7.01791
   6.97319
   6.93296
   6.89295
   6.84613
   6.80566
   6.76525
   6.72007
   6.68027
   6.63607
   6.59030
   6.55498
   6.51974
   6.47240
   6.43223
   6.39079
   6.35961
   6.31525
   6.26907
   6.23424
   6.19020
   6.15589
   6.11705
   6.07300
   6.03248
   5.99646
   5.95617
   5.92389
   5.88154
   5.84256
   5.80892
   5.76946
   5.73558
   5.69238
   5.65663
   5.62199
   5.58785
   5.55194
   5.50958
   5.47973
   5.43966
   5.40750
   5.37486
   5.33072
   5.29957
   5.25849
   5.23168
   5.19243
   5.16253
   5.12216
   5.09320
   5.05382
   5.02481
   4.98914
   4.95876
   4.92077
   4.88872
   4.85082
   4.82125
   4.78878
   4.75936
   4.72700
   4.69730
   4.65841
   4.62735
   4.59601
   4.56658
   4.53221
   4.50440
   4.47239
   4.44043
   4.41230
   4.37772
   4.34296
   4.31549
   4.28863
   4.25521
   4.22569
   4.19306
   4.16790
   4.14058
   4.10894
   4.07990
   4.04885
   4.01915
   3.99421
   3.96144
   3.93501
   3.90639
   3.87977
   3.85014
   3.82053
   3.79858
   3.77048
   3.74416
   3.71717
   3.68707
   3.66188
   3.63536
   3.60682
   3.57551
   3.55405
   3.52796
   3.50039
   3.47676
   3.44774
   3.42417
   3.40068
   3.37061
   3.34759
   3.32254
   3.29433
   3.26883
   3.24550
   3.22081
   3.19506
   3.17352
   3.14732
   3.12235
   3.10006
   3.08088
   3.05535
   3.02897
   3.00777
   2.98476
   2.96255
   2.93431
   2.91554
   2.89303
   2.86861
   2.84685
   2.82565
   2.80081
   2.77863
   2.75589
   2.73656
   2.71536
   2.69538
   2.67297
   2.65023
   2.62873
   2.60736
   2.58591
   2.56519
   2.54570
   2.52139
   2.50360
   2.48248
   2.46349
   2.44181
   2.42005
   2.39941
   2.38077
   2.36489
   2.34435
   2.32137
   2.30391
   2.28666
   2.26469
   2.24488
   2.22849
   2.20828
   2.18845
   2.17211
   2.15128
   2.13604
   2.11670
   2.09956
   2.08213
   2.06005
   2.04158
   2.02741
   2.00826
   1.98858
   1.97107
   1.95480
   1.93996
   1.92194
   1.90739
   1.88988
   1.87109
   1.85565
   1.83735
   1.82224
   1.80607
   1.79261
   1.77285
   1.75707
   1.74245
   1.72518
   1.71126
   1.69692
   1.67844
   1.66379
   1.64823
   1.63150
   1.62127
   1.60284
   1.58953
   1.57365
   1.55875
   1.54532
   1.53054
   1.51443
   1.50080
   1.48730
   1.47536
   1.45959
   1.44690
   1.43334
   1.41951
   1.40397
   1.39348
   1.37796
   1.36493
   1.35280
   1.34096
   1.32374
   1.31282
   1.30092
   1.28728
   1.27438
   1.26174
   1.25065
   1.23521
   1.22425
   1.21280
   1.20356
   1.18851
   1.17725
   1.16537
   1.15397
   1.14305
   1.12993
   1.11846
   1.10804
   1.09517
   1.08532
   1.07485
   1.06578
   1.05104
   1.03986
   1.03039
   1.01845
   1.00898
   1.00011
   0.98971
   0.97792
   0.96918
   0.95660
   0.94754
   0.93667
   0.92459
   0.91620
   0.90877
   0.89867
   0.88770
   0.88082
   0.87101
   0.86046
   0.84972
   0.84391
   0.83254
   0.82466
   0.81605
   0.80620
   0.79689
   0.78825
   0.77962
   0.77205
   0.76299
   0.75467
   0.74620
   0.73798
   0.72954
   0.72251
   0.71223
   0.70505
   0.69779
   0.68972
   0.68144
   0.67360
   0.66559
   0.65901
   0.65073
   0.64434
   0.63647
   0.62899
   0.62191
   0.61371
   0.60746
   0.60026
   0.59390
   0.58647
   0.58032
   0.57328
   0.56746
   0.55983
   0.55245
   0.54686
   0.54035
   0.53377
   0.52659
   0.52037
   0.51504
   0.50664
   0.50376
   0.49617
   0.49071
   0.48489
   0.47888
   0.47212
   0.46711
   0.46185
   0.45579
   0.45012
   0.44362
   0.43944
   0.43350
   0.42832
   0.42232
   0.41775
   0.41361
   0.40780
   0.40236
   0.39706
   0.39303
   0.38813
   0.38308
   0.37726
   0.37287
   0.36927
   0.36338
   0.35887
   0.35500
   0.35033
   0.34538
   0.34121
   0.33670
   0.33199
   0.32813
   0.32395
   0.32012
   0.31511
   0.31154
   0.30708
   0.30257
   0.29865
   0.29527
   0.29175
   0.28816
   0.28387
   0.28074
   0.27623
   0.27243
   0.26977
   0.26600
   0.26265
   0.25913
   0.25569
   0.25196
   0.24820
   0.24544
   0.24227
   0.23864
   0.23518
   0.23258
   0.22861
   0.22543
   0.22285
   0.21940
   0.21639
   0.21443
   0.21105
   0.20820
   0.20553
   0.20282
   0.19924
   0.19629
   0.19385
   0.19166
   0.18889
   0.18575
   0.18381
   0.18073
   0.17808
   0.17567
   0.17352
   0.17104
   0.16845
   0.16683
   0.16404
   0.16106
   0.15876
   0.15662
   0.15463
   0.15258
   0.15042
   0.14791
   0.14570
   0.14426
   0.14208
   0.14020
   0.13795
   0.13580
   0.13401
   0.13202
   0.13031
   0.12864
   0.12687
   0.12452
   0.12280
   0.12111
   0.11927
   0.11774
   0.11606
   0.11437
   0.11274
   0.11099
   0.10971
   0.10776
   0.10661
   0.10435
   0.10294
   0.10180
   0.10041
   0.09881
   0.09702
   0.09573
   0.09449
   0.09280
   0.09158
   0.09045
   0.08931
   0.08778
   0.08656
   0.08555
   0.08420
   0.08265
   0.08152
   0.08045
   0.07936
   0.07777
   0.07713
   0.07594
   0.07484
   0.07376
   0.07287
   0.07142
   0.07069
   0.06930
   0.06847
   0.06735
   0.06655
   0.06555
   0.06481
   0.06362
   0.06278
   0.06187
   0.06091
   0.06015
   0.05929
   0.05848
   0.05755
   0.05672
   0.05596
   0.05513
   0.05443
   0.05340
   0.05310
   0.05208
   0.05145
   0.05069
   0.05006
   0.04937
   0.04865
   0.04801
   0.04715
   0.04660
   0.04589
   0.04534
   0.04448
   0.04422
   0.04365
   0.04311
   0.04217
   0.04178
   0.04139
   0.04081
   0.04042
   0.04013
