# B033/34
1020.50325
 971.76405
 930.60898
 894.98803
 863.08482
 834.07414
 807.23120
 782.34890
 758.75873
 736.69134
 715.77549
 696.20735
 677.34916
 659.21717
 642.23921
 625.93341
 610.36732
 595.55807
 581.41174
 567.95625
 555.16690
 542.70607
 530.97926
 519.66240
 508.74993
 498.46537
 488.41822
 478.94839
 469.64770
 460.86242
 452.30511
 444.06976
 436.29170
 428.48864
 421.17552
 414.06627
 407.21759
 400.60190
 394.19630
 387.88273
 381.93912
 376.13631
 370.45964
 365.06592
 359.73793
 354.55564
 349.65086
 344.73840
 339.97157
 335.33544
 331.06637
 326.64354
 322.42248
 318.29793
 314.31220
 310.48363
 306.60951
 302.94690
 299.39314
 295.81212
 292.33064
 288.98764
 285.84867
 282.58058
 279.41772
 276.41966
 273.43259
 270.49778
 267.64121
 264.88363
 262.16069
 259.45021
 256.80740
 254.29686
 251.73480
 249.34481
 246.93690
 244.55844
 242.28997
 239.95524
 237.69909
 235.60464
 233.43948
 231.30952
 229.25889
 227.30289
 225.25242
 223.28459
 221.38202
 219.44158
 217.65696
 215.78278
 213.99017
 212.26271
 210.56888
 208.84915
 207.23950
 205.53036
 203.81476
 202.30446
 200.73907
 199.17141
 197.70441
 196.14743
 194.62839
 193.25484
 191.80970
 190.38784
 188.99976
 187.71549
 186.37502
 184.99098
 183.65115
 182.35323
 181.13308
 179.84844
 178.63872
 177.47043
 176.16198
 175.03743
 173.83578
 172.74249
 171.58902
 170.42022
 169.28711
 168.17191
 167.15392
 166.07872
 165.09363
 164.05538
 162.95328
 161.92409
 160.87764
 160.03066
 158.93415
 158.01461
 157.02743
 156.09648
 155.12410
 154.21847
 153.30900
 152.37580
 151.57304
 150.62608
 149.76347
 148.95224
 148.15091
 147.21990
 146.36940
 145.57098
 144.79851
 143.94863
 143.18697
 142.37907
 141.57581
 140.81668
 140.08864
 139.31032
 138.57580
 137.76538
 137.09249
 136.32520
 135.59505
 134.93868
 134.21658
 133.57378
 132.81843
 132.13317
 131.48075
 130.77372
 130.10834
 129.45777
 128.80904
 128.16457
 127.58933
 126.86291
 126.22001
 125.66494
 125.00344
 124.44238
 123.81089
 123.24774
 122.60921
 122.04426
 121.47202
 120.91260
 120.33518
 119.73322
 119.17836
 118.62598
 118.09687
 117.53939
 116.97501
 116.48084
 115.97580
 115.40318
 114.86111
 114.36826
 113.85555
 113.31246
 112.77741
 112.33507
 111.81804
 111.32055
 110.79450
 110.27195
 109.83155
 109.35821
 108.91280
 108.41825
 107.94064
 107.52633
 107.03251
 106.55606
 106.07920
 105.64266
 105.21228
 104.79943
 104.35741
 103.84896
 103.44994
 102.97518
 102.56109
 102.17734
 101.73551
 101.29436
 100.87301
 100.52919
 100.11336
  99.69785
  99.28664
  98.89926
  98.45779
  98.08108
  97.68561
  97.26945
  96.91606
  96.46092
  96.14834
  95.77788
  95.38878
  95.02270
  94.65128
  94.25910
  93.89540
  93.53211
  93.20502
  92.83711
  92.44160
  92.14112
  91.78517
  91.41089
  91.09564
  90.68462
  90.32536
  90.01886
  89.67429
  89.32358
  89.03603
  88.65772
  88.32630
  88.04100
  87.70055
  87.33399
  87.02334
  86.70644
  86.38789
  86.09764
  85.78195
  85.47351
  85.14830
  84.86978
  84.54324
  84.24266
  83.91786
  83.61951
  83.32136
  83.04475
  82.73968
  82.41699
  82.12599
  81.83724
  81.57063
  81.26681
  80.97567
  80.70507
  80.37385
  80.13997
  79.86828
  79.57333
  79.30631
  79.02567
  78.71381
  78.43565
  78.20186
  77.95712
  77.66866
  77.37819
  77.16378
  76.86728
  76.60817
  76.36976
  76.12963
  75.84093
  75.61179
  75.31711
  75.08820
  74.82339
  74.57198
  74.35028
  74.06945
  73.82679
  73.56054
  73.33760
  73.08324
  72.81743
  72.58203
  72.38623
  72.10961
  71.89314
  71.64402
  71.40190
  71.21178
  70.96595
  70.70677
  70.47435
  70.27518
  70.04952
  69.78879
  69.58757
  69.36903
  69.12714
  68.89639
  68.68854
  68.47857
  68.24741
  68.05711
  67.80201
  67.57978
  67.36502
  67.15836
  66.93938
  66.73107
  66.53279
  66.32803
  66.08195
  65.91590
  65.71641
  65.47410
  65.28687
  65.06292
  64.89830
  64.69006
  64.42687
  64.27775
  64.06319
  63.85484
  63.68549
  63.46159
  63.27178
  63.04198
  62.85470
  62.67386
  62.47198
  62.28764
  62.06355
  61.89850
  61.69616
  61.49350
  61.31093
  61.14269
  60.95641
  60.74028
  60.56339
  60.41120
  60.18933
  60.02972
  59.83982
  59.66006
  59.48755
  59.31352
  59.13387
  58.95500
  58.77653
  58.59473
  58.42558
  58.21845
  58.05106
  57.89262
  57.70534
  57.54053
  57.36041
  57.20340
  57.03244
  56.87576
  56.68847
  56.48955
  56.34370
  56.17020
  56.01174
  55.77658
  55.68070
  55.51163
  55.35285
  55.18628
  55.01534
  54.89966
  54.68569
  54.53850
  54.38201
  54.20930
  54.01598
  53.90528
  53.71794
  53.55246
  53.41480
  53.24471
  53.10909
  52.94352
  52.81041
  52.61518
  52.45625
  52.35415
  52.16644
  52.00001
  51.89024
  51.69949
  51.56318
  51.40357
  51.25740
  51.11173
  50.95947
  50.79739
  50.66361
  50.51073
  50.37005
  50.23209
  50.07082
  49.96492
  49.76947
  49.62533
  49.52017
  49.36778
  49.20315
  49.07900
  48.94047
  48.78144
  48.64033
  48.50537
  48.36460
  48.22522
  48.09023
  47.94681
  47.80168
  47.65875
  47.53769
  47.37350
  47.28032
  47.14108
  47.01805
  46.82964
  46.72179
  46.55559
  46.45008
  46.34908
  46.17250
  46.04829
  45.91376
  45.76237
  45.62178
  45.52249
  45.37907
  45.25265
  45.14066
  45.02028
  44.86655
  44.75377
  44.61129
  44.46745
  44.36735
  44.22589
  44.09741
  43.95369
  43.84752
  43.72754
  43.58877
  43.45624
  43.32003
  43.23145
  43.09387
  42.96671
  42.84748
  42.72628
  42.59798
  42.45475
  42.37193
  42.23365
  42.09010
  41.98094
  41.86538
  41.76337
  41.65330
  41.49995
  41.37920
  41.26157
  41.14714
  41.04637
  40.93639
  40.78525
  40.65429
  40.54836
  40.44220
  40.28964
  40.21282
  40.10217
  39.96408
  39.85378
  39.74387
  39.63666
  39.51465
  39.38859
  39.27121
  39.18879
  39.03843
  38.94026
  38.84507
  38.72835
  38.61513
  38.47633
  38.38813
  38.29729
  38.14819
  38.06563
  37.93255
  37.83150
  37.73163
  37.58947
  37.49509
  37.40409
  37.27806
  37.16549
  37.03735
  36.95525
  36.85564
  36.74586
  36.65200
  36.51916
  36.41666
  36.30453
  36.22317
  36.06969
  35.98511
  35.86532
  35.79031
  35.69454
  35.59989
  35.46146
  35.36383
  35.27697
  35.15508
  35.05574
  34.93376
  34.83542
  34.71281
  34.66258
  34.53722
  34.44376
  34.32525
  34.22137
  34.11625
  34.01921
  33.92168
  33.82885
  33.74069
  33.59829
  33.52984
  33.40037
  33.31721
  33.23408
  33.13737
  33.02154
  32.92698
  32.82010
  32.72734
  32.60198
  32.52148
  32.41228
  32.31895
  32.23418
  32.14376
  32.03757
  31.95445
  31.82083
  31.75097
  31.64728
  31.57808
  31.42897
  31.37275
  31.26407
  31.15285
  31.07281
  30.97859
  30.88291
  30.77582
  30.69178
  30.59327
  30.50881
  30.43883
  30.32166
  30.22762
  30.13066
  30.01699
  29.92921
  29.85792
  29.78114
  29.65071
  29.55668
  29.47360
  29.40181
  29.31627
  29.20344
  29.09912
  29.00491
  28.91571
  28.82150
  28.74736
  28.63215
  28.58130
  28.46782
  28.38166
  28.29885
  28.16584
  28.11860
  28.01304
  27.93964
  27.83264
  27.74384
  27.64746
  27.56467
  27.45698
  27.39880
  27.29525
  27.20846
  27.10798
  27.00652
  26.95305
  26.84203
  26.76180
  26.66933
  26.59252
  26.49409
  26.41757
  26.33217
  26.23530
  26.13972
  26.06352
  25.97479
  25.90289
  25.79653
  25.71627
  25.63389
  25.51898
  25.44410
  25.35457
  25.27642
  25.18761
  25.12418
  25.04507
  24.94144
  24.84406
  24.73883
  24.68701
  24.58696
  24.49378
  24.45325
  24.35443
  24.26623
  24.18028
  24.09484
  24.00726
  23.93128
  23.83374
  23.75586
  23.67316
  23.58287
  23.52300
  23.41290
  23.35481
  23.22658
  23.15865
  23.08509
  23.02200
  22.91430
  22.83190
  22.76375
  22.67302
  22.59170
  22.48242
  22.41643
  22.33302
  22.23069
  22.18133
  22.09349
  22.00601
  21.91924
  21.82911
  21.75011
  21.68414
  21.60759
  21.52470
  21.43679
  21.36737
  21.26087
  21.18888
  21.11458
  21.04764
  20.96349
  20.84994
  20.77646
  20.70748
  20.61503
  20.53778
  20.44711
  20.39621
  20.30216
  20.21265
  20.14723
  20.06098
  19.98540
  19.90839
  19.80594
  19.73614
  19.67168
  19.57503
  19.48977
  19.40387
  19.35507
  19.25311
  19.17266
  19.09619
  19.00737
  18.93887
  18.87731
  18.79098
  18.71185
  18.61691
  18.53554
  18.46902
  18.37598
  18.30965
  18.22709
  18.13248
  18.06386
  17.99200
  17.91022
  17.83951
  17.75985
  17.67248
  17.59896
  17.52184
  17.45638
  17.35770
  17.26820
  17.21589
  17.13053
  17.05341
  16.98837
  16.89206
  16.81028
  16.72671
  16.66623
  16.56257
  16.50587
  16.42153
  16.33452
  16.27312
  16.18817
  16.11294
  16.04567
  15.95186
  15.87457
  15.79757
  15.73524
  15.64908
  15.57104
  15.49391
  15.40707
  15.33407
  15.26387
  15.19824
  15.09278
  15.03482
  14.94116
  14.85900
  14.79439
  14.71802
  14.63031
  14.55806
  14.48747
  14.39725
  14.34109
  14.23546
  14.15842
  14.09208
  14.01585
  13.93175
  13.85010
  13.77985
  13.69574
  13.63387
  13.54810
  13.46946
  13.39952
  13.32647
  13.23046
  13.18546
  13.09582
  13.01044
  12.92695
  12.85228
  12.77543
  12.69015
  12.61708
  12.55032
  12.45843
  12.38039
  12.31821
  12.24037
  12.14977
  12.08668
  11.98941
  11.91105
  11.84301
  11.76406
  11.69754
  11.61992
  11.53727
  11.45202
  11.37544
  11.31585
  11.20409
  11.14995
  11.07320
  10.99636
  10.91579
  10.83368
  10.77031
  10.67139
  10.60331
  10.53417
  10.45982
  10.37290
  10.28921
  10.21743
  10.15153
  10.08244
   9.99443
   9.91586
   9.84907
   9.75610
   9.69481
   9.60902
   9.52771
   9.45332
   9.37170
   9.30707
   9.22368
   9.14325
   9.06679
   8.98976
   8.92354
   8.83003
   8.75280
   8.68232
   8.61233
   8.52946
   8.46093
   8.37393
   8.30242
   8.22625
   8.14301
   8.05779
   7.99466
   7.91939
   7.83199
   7.75733
   7.67979
   7.59904
   7.52484
   7.44622
   7.37511
   7.27459
   7.21653
   7.14106
   7.05978
   6.97027
   6.89122
   6.83395
   6.75419
   6.67693
   6.59720
   6.51300
   6.45332
   6.36785
   6.30122
   6.20943
   6.13549
   6.05826
   5.97568
   5.89960
   5.83532
   5.74747
   5.67237
   5.60294
   5.51923
   5.44794
   5.37254
   5.29497
   5.21091
   5.13254
   5.06105
   4.96773
   4.90376
   4.83229
   4.76295
   4.67359
   4.60679
   4.52450
   4.44706
   4.37458
   4.29978
   4.22187
   4.14585
   4.07031
   3.99000
   3.91944
   3.84394
   3.76456
   3.70111
   3.61913
   3.54287
   3.47065
   3.39277
   3.31754
   3.24330
   3.17655
   3.09674
   3.02160
   2.94909
   2.86945
   2.80348
   2.72770
   2.66060
   2.58775
   2.51437
   2.43964
   2.36499
   2.29802
   2.22119
   2.14818
   2.07552
   2.00465
   1.93717
   1.86803
   1.79770
   1.72934
   1.66400
   1.59273
   1.52439
   1.45888
   1.39021
   1.32402
   1.26241
   1.19745
   1.13797
   1.07569
   1.01500
   0.95684
   0.89466
   0.83777
   0.78392
   0.73162
   0.67674
   0.62740
   0.57510
   0.52449
   0.47615
   0.43212
   0.38837
   0.34839
   0.30829
   0.27088
   0.23614
   0.20554
   0.17946
   0.15721
   0.13857
   0.12290
   0.11124
   0.10610
